https://github.com/Nauovt/-vTv-.git

(д)✞✞✞(Y)

(ֆ.ֆ)
(ΞνΞ)
(TTT)
(K3T)
.....)...........(\_
...((........._/{..."-; ....THE LONE WOLF in Top Class.... 菏 ΘΠLІΠΞ *...*
.....)).-'_{{..;'`   
(vTv)
(TvT)
(ΞνΞ)

0o个 T2o

T2船七八T2v了，

Futurama
is A si
Fataluma 


الجودو
柔道
ጁዶ
Ձյուդո
জুডো
Дзюдо
जूडो के बा
ဂျူဒို
جودۆ
柔道
ޖޫޑޯ އެވެ
ძიუდო
जूडो हें नांव
જુડો
ג'וּדוֹ
जूदो
ಜೂಡೋ
យូដូ
유도
ຢູໂດ
Џудо
जूडो
ജൂഡോ
Жүдо
ଜୁଡୋ |
جودو
ਜੂਡੋ
ජූඩෝ
ஜூடோ
జూడో
ยูโด
ጁዶ
جوڈو
דזשודאָ


 ╒════════════════╡☜✠☞╞═════════════════╕
      ⇁  La Ligue Des Mondes Libres  ↼

        -──=═══════●]]░▒█[-LNS-]|█▒░[[●═══════=──


                        Ob.OOOOOOOo  OOOo.      oOOo.                     
    OboO"""""""""""".OOo. .oOOOOOo.    OOOo.oOOOOOo.."""""""""'OO
    OOP.oOOOOOOOOOOO "POOOOOOOOOOOo.   `"OOOOOOOOOP,OOOOOOOOOOOB'
    `O'OOOO'     `OOOOo"OOOOOOOOOOO` .adOOOOOOOOO"oOOO'    `OOOOo
    .OOOO'            `OOOOOOOOOOOOOOOOOOOOOOOOOO'            `OO
    OOOOO                 '"OOOOOOOOOOOOOOOO"`                oOO
   oOOOOOba.                .adOOOOOOOOOOba               .adOOOOo.
  oOOOOOOOOOOOOOba.    .adOOOOOOOOOO@^OOOOOOOba.     .adOOOOOOOOOOOO
 OOOOOOOOOOOOOOOOO.OOOOOOOOOOOOOO"`  '"OOOOOOOOOOOOO.OOOOOOOOOOOOOO
 "OOOO"       "YOoOOOOMOIONODOO"`  .   '"OOROAOPOEOOOoOY"     "OOO"
    Y           'OOOOOOOOOOOOOO: .oOOo. :OOOOOOOOOOO?'         :`
    :            .oO%OOOOOOOOOOo.OOOOOO.oOOOOOOOOOOOO?         .
    .            oOOP"%OOOOOOOOoOOOOOOO?oOOOOO?OOOO"OOo
                 '%o  OOOO"%OOOO%"%OOOOO"OOOOOO"OOO':
                      `$"  `OOOO' `O"Y ' `OOOO'  o             .
    .                  .     OP"          : o     .
 9890-



................../__/)..... (\__\..................
................/....//...........\\....\................    
       
............../....//................\\....\.............
....../´¯/..../´¯\............../¯`\....\¯`\......
.././.../..../..../.|_......_|.\....\....\...\.\..
(.(....(....(..../.)..).......(..(.\....)....)....).)
.\................\/.../........\...\/................/.
...\................../..............\................../...



11100010 10100000 10000000 11100010 10100000 10000000 11100010 10100010 10000000 11100010 10100011 10100000 11100010 10100000 10100100 11100010 10100000 10110110 11100010 10100000 10010110 11100010 10100000 10010010 11100010 10100000 10010010 11100010 10100000 10110110 11100010 10100000 10100110 11100010 10100000 10100100 11100010 10100011 10000100 11100010 10100000 10000000 11100010 10100000 10000000 11100010 10100000 10000000 11100010 10100011 10000000 11100010 10100001 10100100 11100010 10100000 10100100 11100010 10100000 10100100 11100010 10100000 10100100 11100010 10100000 10100100 11100010 10100011 10000100 11100010 10100001 10000000 11100010 10100000 10000000 11100010 10100000 10000000 11100010 10100000 10000000 11100010 10100000 10000000 11100010 10100000 10000000 11100010 10100000 10000000 11100010 10100000 10000000 11100010 10100000 10000000 11100010 10100000 10000000 11100010 10100000 10000000 11100010 10100000 10000000 11100010 10100000 10000000 11100010 10100000 10000000 11100010 10100000 10000000 11100010 10100000 10000000 11100010 10100000 10000000 11100010 10100000 10000000 00001101 00001010 11100010 10100000 10000000 11100010 10100011 10110100 11100010 10100000 10001011 11100010 10100000 10000000 11100010 10100000 10000000 11100010 10100000 10000000 11100010 10100000 10000000 11100010 10100000 10000000 11100010 10100000 10000000 11100010 10100000 10000000 11100010 10100000 10000000 11100010 10100000 10000000 11100010 10100000 10001000 11100010 10100000 10011001 11100010 10100011 10100110 11100010 10100000 10011110 11100010 10100000 10000001 11100010 10100000 10000000 11100010 10100000 10000000 11100010 10100000 10000000 11100010 10100000 10000000 11100010 10100000 10000000 11100010 10100000 10000000 11100010 10100000 10001001 11100010 10100000 10110011 11100010 10100001 10000100 11100010 10100000 10000000 11100010 10100000 10000000 11100010 10100000 10000000 11100010 10100000 10000000 11100010 10100000 10000000 11100010 10100000 10000000 11100010 10100000 10000000 11100010 10100000 10000000 11100010 10100000 10000000 11100010 10100000 10000000 11100010 10100000 10000000 11100010 10100000 10000000 11100010 10100000 10000000 11100010 10100000 10000000 11100010 10100000 10000000 00001101 00001010 11100010 10100001 10111110 11100010 10100000 10000001 11100010 10100000 10000000 11100010 10100000 10000000 11100010 10100000 10000000 11100010 10100000 10000000 11100010 10100000 10000000 11100010 10100000 10000000 11100010 10100011 10000000 11100010 10100011 10000000 11100010 10100011 10000000 11100010 10100011 10000000 11100010 10100011 10000000 11100010 10100011 10000000 11100010 10100011 10011000 11100010 10100001 10000110 11100010 10100000 10000000 11100010 10100000 10000000 11100010 10100000 10000000 11100010 10100000 10000000 11100010 10100000 10000000 11100010 10100000 10000000 11100010 10100000 10000000 11100010 10100000 10000000 11100010 10100000 10000000 11100010 10100000 10011001 11100010 10100011 10000110 11100010 10100000 10000000 11100010 10100000 10000000 11100010 10100000 10000000 11100010 10100000 10000000 11100010 10100000 10000000 11100010 10100000 10000000 11100010 10100000 10000000 11100010 10100000 10000000 11100010 10100000 10000000 11100010 10100000 10000000 11100010 10100000 10000000 11100010 10100000 10000000 11100010 10100000 10000000 11100010 10100000 10000000 00001101 00001010 11100010 10100000 10000000 11100010 10100000 10000000 11100010 10100000 10000000 11100010 10100000 10000000 11100010 10100010 10000000 11100010 10100001 10110100 11100010 10100000 10011010 11100010 10100000 10001001 11100010 10100000 10000001 11100010 10100000 10000000 11100010 10100000 10000000 11100010 10100000 10000000 11100010 10100000 10000000 11100010 10100000 10001000 11100010 10100000 10001001 11100010 10100000 10011001 11100010 10100000 10110010 11100010 10100011 10000100 11100010 10100011 10100100 11100010 10100000 10100100 11100010 10100000 10110110 11100010 10100000 10010010 11100010 10100000 10010010 11100010 10100000 10110010 11100010 10100000 10100110 11100010 10100010 10100100 11100010 10100011 10011100 11100010 10100011 10100111 11100010 10100000 10000000 11100010 10100000 10000000 11100010 10100000 10000000 11100010 10100000 10000000 11100010 10100000 10000000 11100010 10100000 10000000 11100010 10100000 10000000 11100010 10100000 10000000 11100010 10100000 10000000 11100010 10100000 10000000 11100010 10100000 10000000 11100010 10100000 10000000 11100010 10100000 10000000 00001101 00001010 11100010 10100000 10000000 11100010 10100000 10000000 11100010 10100000 10000000 11100010 10100000 10000000 11100010 10100000 10001001 11100010 10100000 10000000 11100010 10100000 10000000 11100010 10100000 10000000 11100010 10100000 10000000 11100010 10100000 10000000 11100010 10100000 10000000 11100010 10100000 10000000 11100010 10100000 10000000 11100010 10100000 10000000 11100010 10100000 10000000 11100010 10100000 10000000 11100010 10100000 10000000 11100010 10100000 10001000 11100010 10100000 10110011 11100010 10100001 10000100 11100010 10100000 10000000 11100010 10100000 10000000 11100010 10100000 10000000 11100010 10100000 10000000 11100010 10100000 10000000 11100010 10100000 10000000 11100010 10100000 10000000 11100010 10100000 10001001 11100010 10100000 10110011 11100010 10100010 10000100 11100010 10100001 10000000 11100010 10100000 10000000 11100010 10100000 10000000 11100010 10100000 10000000 11100010 10100000 10000000 11100010 10100000 10000000 11100010 10100000 10000000 11100010 10100000 10000000 11100010 10100000 10000000 11100010 10100000 10000000 11100010 10100000 10000000 00001101 00001010 11100010 10100000 10000000 11100010 10100000 10000000 11100010 10100000 10000000 11100010 10100000 10000000 11100010 10100000 10000000 11100010 10100000 10000000 11100010 10100000 10000000 11100010 10100011 10000000 11100010 10100011 10000000 11100010 10100011 10000000 11100010 10100011 10000000 11100010 10100011 10000000 11100010 10100011 10000000 11100010 10100011 10000000 11100010 10100011 10000000 11100010 10100011 10000000 11100010 10100011 10000000 11100010 10100011 10000000 11100010 10100011 10000000 11100010 10100000 10111001 11100010 10100011 10000110 11100010 10100000 10000000 11100010 10100000 10000000 11100010 10100000 10000000 11100010 10100000 10000000 11100010 10100000 10000000 11100010 10100000 10000000 11100010 10100011 10000000 11100010 10100011 10000000 11100010 10100011 10000000 11100010 10100011 10111001 11100010 10100011 10000100 11100010 10100000 10000000 11100010 10100000 10000000 11100010 10100000 10000000 11100010 10100000 10000000 11100010 10100000 10000000 11100010 10100000 10000000 11100010 10100000 10000000 11100010 10100000 10000000 11100010 10100000 10000000 00001101 00001010 11100010 10100000 10000000 11100010 10100000 10000000 11100010 10100000 10000000 11100010 10100000 10000000 11100010 10100011 10100000 11100010 10100000 10011110 11100010 10100011 10001001 11100010 10100011 10100001 11100010 10100000 10100100 11100010 10100000 10110100 11100010 10100000 10111111 11100010 10100000 10010111 11100010 10100000 10110011 11100010 10100000 10110110 11100010 10100011 10101100 11100010 10100011 10011001 11100010 10100000 10010011 11100010 10100010 10100110 11100010 10100001 10001000 11100010 10100000 10011001 11100010 10100010 10111111 11100010 10100001 10000000 11100010 10100000 10000000 11100010 10100000 10000000 11100010 10100010 10000000 11100010 10100011 10111100 11100010 10100011 10111111 11100010 10100011 10111111 11100010 10100011 10111111 11100010 10100011 10111111 11100010 10100011 10111111 11100010 10100001 10111111 11100010 10100011 10110111 11100010 10100011 10100100 11100010 10100001 10000000 11100010 10100000 10000000 11100010 10100000 10000000 11100010 10100000 10000000 11100010 10100000 10000000 11100010 10100000 10000000 11100010 10100000 10000000 00001101 00001010 11100010 10100000 10000000 11100010 10100000 10000000 11100010 10100000 10000000 11100010 10100011 10111110 11100010 10100011 10100001 11100010 10100000 10011110 11100010 10100011 10000001 11100010 10100011 10000000 11100010 10100011 10000000 11100010 10100011 10000000 11100010 10100011 10100000 11100010 10100011 10100100 11100010 10100011 10100100 11100010 10100011 10100100 11100010 10100011 10000100 11100010 10100011 10101101 11100010 10100011 10110111 11100010 10100011 10100110 11100010 10100011 10111101 11100010 10100011 10100110 11100010 10100001 10000000 11100010 10100010 10111011 11100010 10100001 10000100 11100010 10100000 10110000 11100010 10100010 10011111 11100010 10100011 10100101 11100010 10100011 10111110 11100010 10100011 10111111 11100010 10100011 10001111 11100010 10100011 10001001 11100010 10100001 10011001 11100010 10100000 10010011 11100010 10100010 10100110 11100010 10100011 10111011 11100010 10100000 10000011 11100010 10100000 10000000 11100010 10100000 10000000 11100010 10100000 10000000 11100010 10100000 10000000 11100010 10100000 10000000 11100010 10100000 10000000 00001101 00001010 11100010 10100000 10000000 11100010 10100000 10000000 11100010 10100000 10000000 11100010 10100000 10001001 11100010 10100000 10001001 11100010 10100000 10011001 11100010 10100000 10111011 11100010 10100010 10100100 11100010 10100011 10000100 11100010 10100011 10111100 11100010 10100011 10111111 11100010 10100011 10111101 11100010 10100011 10111111 11100010 10100000 10011111 11100010 10100000 10111011 11100010 10100011 10111111 11100010 10100000 10000100 11100010 10100000 10000000 11100010 10100000 10000000 11100010 10100010 10111011 11100010 10100001 10011101 11100010 10100010 10111111 11100010 10100001 10000111 11100010 10100011 10100000 11100010 10100011 10111111 11100010 10100011 10111111 11100010 10100011 10111011 11100010 10100011 10111111 11100010 10100000 10111111 11100010 10100011 10111111 11100010 10100001 10001001 11100010 10100000 10010011 11100010 10100000 10101110 11100010 10100011 10111111 11100010 10100000 10000000 11100010 10100000 10000000 11100010 10100000 10000000 11100010 10100000 10000000 11100010 10100000 10000000 11100010 10100000 10000000 11100010 10100000 10000000 00001101 00001010 11100010 10100000 10000000 11100010 10100000 10000000 11100010 10100000 10000000 11100010 10100000 10000000 11100010 10100000 10000000 11100010 10100000 10000000 11100010 10100000 10011001 11100010 10100010 10100110 11100010 10100001 10001000 11100010 10100000 10011011 11100010 10100000 10111111 11100010 10100011 10111110 11100010 10100011 10111111 11100010 10100011 10110110 11100010 10100011 10111110 11100010 10100001 10111111 11100010 10100000 10000000 11100010 10100000 10000000 11100010 10100000 10000000 11100010 10100010 10000000 11100010 10100011 10110011 11100010 10100011 10011000 11100010 10100010 10111011 11100010 10100011 10000111 11100010 10100011 10111111 11100010 10100011 10111111 11100010 10100011 10111101 11100010 10100011 10111111 11100010 10100011 10110110 11100010 10100011 10111110 11100010 10100000 10000011 11100010 10100011 10000000 11100010 10100001 10110100 11100010 10100011 10111111 11100010 10100000 10000000 11100010 10100000 10000000 11100010 10100000 10000000 11100010 10100000 10000000 11100010 10100000 10000000 11100010 10100000 10000000 11100010 10100000 10000000 00001101 00001010 11100010 10100000 10000000 11100010 10100000 10000000 11100010 10100000 10000000 11100010 10100000 10000000 11100010 10100000 10000000 11100010 10100000 10000000 11100010 10100000 10000000 11100010 10100000 10000000 11100010 10100000 10011001 11100010 10100000 10110010 11100010 10100000 10100100 11100010 10100010 10000100 11100010 10100011 10001000 11100010 10100011 10001001 11100010 10100011 10011001 11100010 10100011 10010011 11100010 10100011 10010010 11100010 10100011 10010010 11100010 10100011 10011010 11100010 10100011 10001001 11100010 10100011 10100101 11100010 10100000 10011111 11100010 10100000 10000000 11100010 10100010 10101111 11100010 10100011 10001001 11100010 10100001 10001001 11100010 10100000 10001001 11100010 10100000 10001001 11100010 10100000 10011011 11100010 10100010 10001001 11100010 10100011 10001001 11100010 10100011 10100001 11100010 10100001 10111110 11100010 10100000 10000001 11100010 10100000 10000000 11100010 10100000 10000000 11100010 10100000 10000000 11100010 10100000 10000000 11100010 10100000 10000000 11100010 10100000 10000000 11100010 10100000 10000000 00001101 00001010 11100010 10100000 10000000 11100010 10100000 10000000 11100010 10100011 10100000 11100010 10100011 10100100 11100010 10100001 10100100 11100010 10100000 10000000 11100010 10100000 10000000 11100010 10100000 10000000 11100010 10100000 10000000 11100010 10100000 10000000 11100010 10100000 10000000 11100010 10100000 10000000 11100010 10100000 10000000 11100010 10100000 10000000 11100010 10100000 10000000 11100010 10100000 10000000 11100010 10100000 10000000 11100010 10100010 10001000 11100010 10100001 10111111 11100010 10100000 10001011 11100010 10100000 10000000 11100010 10100000 10000000 11100010 10100000 10000000 11100010 10100000 10000000 11100010 10100000 10001000 11100010 10100000 10111011 11100010 10100011 10001101 11100010 10100000 10001001 11100010 10100000 10000000 11100010 10100000 10111010 11100010 10100000 10111111 11100010 10100000 10001011 11100010 10100000 10011001 11100010 10100011 10100110 11100010 10100000 10000000 11100010 10100000 10000000 11100010 10100000 10000000 11100010 10100000 10000000 11100010 10100000 10000000 11100010 10100000 10000000 11100010 10100000 10000000 00001101 00001010 11100010 10100000 10000000 11100010 10100011 10000000 11100010 10100011 10100101 11100010 10100011 10100100 11100010 10100000 10110100 11100010 10100000 10000110 11100010 10100000 10000000 11100010 10100000 10000000 11100010 10100000 10000000 11100010 10100000 10000000 11100010 10100000 10000000 11100010 10100000 10000000 11100010 10100000 10000000 11100010 10100011 10000000 11100010 10100011 10100000 11100010 10100000 10100100 11100010 10100000 10010110 11100010 10100000 10001011 11100010 10100000 10000000 11100010 10100000 10000000 11100010 10100000 10000000 11100010 10100000 10000000 11100010 10100000 10000000 11100010 10100000 10000000 11100010 10100000 10000000 11100010 10100000 10000000 11100010 10100000 10001000 11100010 10100000 10110011 11100010 10100000 10000000 11100010 10100000 10000000 11100010 10100000 10000000 11100010 10100000 10000000 11100010 10100000 10000000 11100010 10100010 10111000 11100010 10100011 10100111 11100010 10100000 10000000 11100010 10100000 10000000 11100010 10100000 10000000 11100010 10100000 10000000 11100010 10100000 10000000 11100010 10100000 10000000 00001101 00001010 11100010 10100000 10111000 11100010 10100010 10101011 11100010 10100001 10011111 11100010 10100000 10011001 11100010 10100011 10011011 11100010 10100000 10110010 11100010 10100000 10100100 11100010 10100011 10000100 11100010 10100011 10000000 11100010 10100011 10000000 11100010 10100000 10000000 11100010 10100000 10001000 11100010 10100000 10001011 11100010 10100000 10001001 11100010 10100000 10000000 11100010 10100000 10000000 11100010 10100000 10000000 11100010 10100000 10000000 11100010 10100000 10000000 11100010 10100000 10000000 11100010 10100000 10000000 11100010 10100000 10000000 11100010 10100000 10000000 11100010 10100000 10000000 11100010 10100000 10000000 11100010 10100000 10000000 11100010 10100000 10000000 11100010 10100000 10000000 11100010 10100000 10000000 11100010 10100000 10000000 11100010 10100000 10000000 11100010 10100000 10000000 11100010 10100011 10100000 11100010 10100000 10001111 11100010 10100011 10101000 11100010 10100000 10000111 11100010 10100000 10000000 11100010 10100000 10000000 11100010 10100000 10000000 11100010 10100000 10000000 11100010 10100000 10000000 00001101 00001010 11100010 10100000 10000000 11100010 10100000 10000000 11100010 10100000 10111011 11100010 10100010 10100110 11100010 10100011 10001000 11100010 10100000 10010011 11100010 10100000 10110110 11100010 10100000 10100100 11100010 10100011 10000100 11100010 10100011 10001001 11100010 10100000 10001001 11100010 10100000 10001001 11100010 10100000 10011011 11100010 10100000 10010010 11100010 10100000 10110010 11100010 10100000 10100110 11100010 10100000 10100100 11100010 10100000 10100100 11100010 10100011 10100100 11100010 10100011 10000000 11100010 10100011 10000000 11100010 10100011 10000000 11100010 10100011 10000000 11100010 10100011 10000000 11100010 10100011 10000000 11100010 10100011 10000000 11100010 10100011 10000000 11100010 10100011 10000000 11100010 10100011 10000000 11100010 10100011 10000000 11100010 10100011 10100000 11100010 10100000 10110100 11100010 10100010 10001011 11100010 10100001 10110100 11100010 10100000 10001011 11100010 10100000 10000000 11100010 10100000 10000000 11100010 10100000 10000000 11100010 10100000 10000000 11100010 10100000 10000000 11100010 10100000 10000000 00001101 00001010 11100010 10100000 10000000 11100010 10100000 10000000 11100010 10100000 10000000 11100010 10100000 10000000 11100010 10100000 10001001 11100010 10100000 10010011 11100010 10100000 10100110 11100010 10100011 10000100 11100010 10100001 10000000 11100010 10100000 10001000 11100010 10100000 10011001 11100010 10100000 10010011 11100010 10100000 10010010 11100010 10100000 10110110 11100010 10100000 10110110 11100010 10100000 10110110 11100010 10100000 10110110 11100010 10100000 10100100 11100010 10100011 10100100 11100010 10100011 10000000 11100010 10100011 10000000 11100010 10100011 10000000 11100010 10100011 10000000 11100010 10100011 10000000 11100010 10100011 10001001 11100010 10100011 10001001 11100010 10100011 10001001 11100010 10100011 10001001 11100010 10100011 10001001 11100010 10100011 10000000 11100010 10100011 10100000 11100010 10100000 10110100 11100010 10100000 10001011 11100010 10100011 10111111 11100010 10100000 10000000 11100010 10100000 10000000 11100010 10100000 10000000 11100010 10100000 10000000 11100010 10100000 10000000 11100010 10100000 10000000 11100010 10100000 10000000 00001101 00001010 11100010 10100000 10000000 11100010 10100000 10000000 11100010 10100000 10000000 11100010 10100000 10000000 11100010 10100000 10000000 11100010 10100000 10000000 11100010 10100000 10000000 11100010 10100000 10000000 11100010 10100000 10001001 11100010 10100000 10010011 11100010 10100000 10100110 11100010 10100011 10000100 11100010 10100011 10000000 11100010 10100000 10000000 11100010 10100000 10000000 11100010 10100000 10000000 11100010 10100000 10000000 11100010 10100000 10000000 11100010 10100000 10000000 11100010 10100000 10000000 11100010 10100000 10000000 11100010 10100000 10000000 11100010 10100000 10000000 11100010 10100000 10000000 11100010 10100000 10000000 11100010 10100000 10000000 11100010 10100000 10000000 11100010 10100000 10000000 11100010 10100000 10000000 11100010 10100000 10000000 11100010 10100000 10000000 11100010 10100010 10000000 11100010 10100001 10111100 11100010 10100000 10000001 11100010 10100000 10000000 11100010 10100000 10000000 11100010 10100000 10000000 11100010 10100000 10000000 11100010 10100000 10000000 11100010 10100000 10000000 11100010 10100000 10000000 00001101 00001010 11100010 10100000 10000000 11100010 10100000 10000000 11100010 10100000 10000000 11100010 10100000 10000000 11100010 10100000 10000000 11100010 10100000 10000000 11100010 10100000 10000000 11100010 10100000 10000000 11100010 10100000 10000000 11100010 10100000 10000000 11100010 10100000 10000000 11100010 10100000 10000000 11100010 10100000 10001001 11100010 10100000 10001001 11100010 10100000 10011001 11100010 10100000 10011011 11100010 10100000 10010010 11100010 10100000 10010010 11100010 10100000 10010010 11100010 10100000 10010010 11100010 10100000 10010010 11100010 10100000 10100100 11100010 10100000 10100100 11100010 10100000 10100100 11100010 10100000 10010010 11100010 10100000 10010010 11100010 10100000 10010010 11100010 10100000 10010010 11100010 10100000 10010010 11100010 10100000 10010010 11100010 10100000 10011010 11100010 10100010 10001001 11100010 10100001 10000111 11100010 10100000 10000000 11100010 10100000 10000000 11100010 10100000 10000000 11100010 10100000 10000000 11100010 10100000 10000000 11100010 10100000 10000000 11100010 10100000 10000000 11100010 10100000 10000000 00001101 00001010 11100010 10100000 10000000 11100010 10100000 10000000 11100010 10100000 10000000 11100010 10100000 10000000 11100010 10100000 10000000 11100010 10100000 10000000 11100010 10100000 10000000 11100010 10100000 10000000 11100010 10100000 10000000 11100010 10100000 10000000 11100010 10100000 10000000 11100010 10100000 10000000 11100010 10100000 10000000 11100010 10100000 10000000 11100010 10100000 10000000 11100010 10100000 10000000 11100010 10100000 10000000 11100010 10100000 10000000 11100010 10100000 10000000 11100010 10100000 10000000 11100010 10100000 10000000 11100010 10100000 10000000 11100010 10100000 10000000 11100010 10100000 10000000 11100010 10100000 10000000 11100010 10100011 10100000 11100010 10100000 10110100 11100010 10100000 10011010 11100010 10100000 10011011 11100010 10100000 10110011 11100010 10100011 10100100 11100010 10100000 10011110 11100010 10100000 10000001 11100010 10100000 10000000 11100010 10100000 10000000 11100010 10100000 10000000 11100010 10100000 10000000 11100010 10100000 10000000 11100010 10100000 10000000 11100010 10100000 10000000 11100010 10100000 10000000 00001101 00001010 11100010 10100000 10000000 11100010 10100000 10000000 11100010 10100000 10000000 11100010 10100000 10000000 11100010 10100000 10000000 11100010 10100000 10000000 11100010 10100000 10000000 11100010 10100000 10000000 11100010 10100000 10000000 11100010 10100000 10000000 11100010 10100000 10000000 11100010 10100000 10000000 11100010 10100000 10000000 11100010 10100000 10000000 11100010 10100000 10000000 11100010 10100000 10000000 11100010 10100000 10000000 11100010 10100000 10000000 11100010 10100000 10000000 11100010 10100000 10000000 11100010 10100000 10000000 11100010 10100000 10000000 11100010 10100010 10000000 11100010 10100011 10100100 11100010 10100000 10011010 11100010 10100000 10000001 11100010 10100000 10000000 11100010 10100000 10000000 11100010 10100000 10000000 11100010 10100000 10000000 11100010 10100000 10011000 11100010 10100000 10110010 11100010 10100011 10000100 11100010 10100001 10000000 11100010 10100000 10000000 11100010 10100000 10000000 11100010 10100000 10000000 11100010 10100000 10000000 11100010 10100000 10000000 11100010 10100000 10000000 11100010 10100000 10000000 00001101 00001010 11100010 10100000 10000000 11100010 10100000 10000000 11100010 10100000 10000000 11100010 10100000 10000000 11100010 10100000 10000000 11100010 10100000 10000000 11100010 10100000 10000000 11100010 10100000 10000000 11100010 10100000 10000000 11100010 10100000 10000000 11100010 10100000 10000000 11100010 10100000 10000000 11100010 10100000 10000000 11100010 10100000 10000000 11100010 10100000 10000000 11100010 10100000 10000000 11100010 10100000 10000000 11100010 10100000 10000000 11100010 10100011 10110100 11100010 10100000 10001011 11100010 10100000 10011001 11100010 10100010 10110111 11100010 10100001 10001011 11100010 10100010 10011001 11100010 10100001 10000111 11100010 10100010 10000000 11100010 10100001 10110100 11100010 10100010 10010010 11100010 10100001 10111111 11100010 10100010 10110110 11100010 10100011 10000100 11100010 10100001 10110100 11100010 10100000 10000000 11100010 10100000 10011001 11100010 10100000 10110011 11100010 10100011 10000100 11100010 10100000 10000000 11100010 10100000 10000000 11100010 10100000 10000000 11100010 10100000 10000000 11100010 10100000 10000000 00001101 00001010 11100010 10100000 10000000 11100010 10100000 10000000 11100010 10100000 10000000 11100010 10100000 10000000 11100010 10100000 10000000 11100010 10100000 10000000 11100010 10100000 10000000 11100010 10100000 10000000 11100010 10100000 10000000 11100010 10100000 10000000 11100010 10100000 10000000 11100010 10100000 10000000 11100010 10100000 10000000 11100010 10100000 10000000 11100010 10100000 10000000 11100010 10100000 10000000 11100010 10100000 10000000 11100010 10100000 10000000 11100010 10100000 10011001 11100010 10100010 10100110 11100010 10100001 10000000 11100010 10100000 10001000 11100010 10100000 10011011 11100010 10100010 10111011 11100010 10100000 10011011 11100010 10100010 10001001 11100010 10100001 10110100 11100010 10100011 10001011 11100010 10100001 10110100 11100010 10100000 10011111 11100010 10100000 10000001 11100010 10100000 10000000 11100010 10100000 10000000 11100010 10100000 10000000 11100010 10100000 10000000 11100010 10100000 10001000 11100010 10100010 10100111 11100010 10100001 10000000 11100010 10100000 10000000 11100010 10100000 10000000 11100010 10100000 10000000 00001101 00001010 11100010 10100000 10000000 11100010 10100000 10000000 11100010 10100000 10000000 11100010 10100000 10000000 11100010 10100000 10000000 11100010 10100000 10000000 11100010 10100000 10000000 11100010 10100000 10000000 11100010 10100000 10000000 11100010 10100000 10000000 11100010 10100000 10000000 11100010 10100000 10000000 11100010 10100000 10000000 11100010 10100000 10000000 11100010 10100000 10000000 11100010 10100000 10000000 11100010 10100000 10000000 11100010 10100000 10000000 11100010 10100000 10000000 11100010 10100000 10000000 11100010 10100010 10111011 11100010 10100001 10000100 11100010 10100000 10000000 11100010 10100000 10011000 11100010 10100011 10110110 11100010 10100010 10001011 11100010 10100001 10011110 11100010 10100000 10000001 11100010 10100000 10000000 11100010 10100000 10000000 11100010 10100010 10000000 11100010 10100001 10110100 11100010 10100000 10000010 11100010 10100000 10000000 11100010 10100000 10000000 11100010 10100000 10000000 11100010 10100000 10000000 11100010 10100000 10111001 11100010 10100011 10000100 11100010 10100000 10000000 11100010 10100000 10000000 00001101 00001010 11100010 10100000 10000000 11100010 10100000 10000000 11100010 10100000 10000000 11100010 10100000 10000000 11100010 10100000 10000000 11100010 10100000 10000000 11100010 10100000 10000000 11100010 10100000 10000000 11100010 10100000 10000000 11100010 10100000 10000000 11100010 10100000 10000000 11100010 10100000 10000000 11100010 10100000 10000000 11100010 10100000 10000000 11100010 10100000 10000000 11100010 10100000 10000000 11100010 10100000 10000000 11100010 10100000 10000000 11100010 10100000 10000000 11100010 10100000 10000000 11100010 10100000 10000000 11100010 10100001 10000111 11100010 10100000 10000000 11100010 10100000 10000000 11100010 10100000 10001000 11100010 10100000 10111011 11100010 10100010 10100110 11100010 10100001 10000000 11100010 10100000 10000000 11100010 10100011 10110000 11100010 10100000 10001111 11100010 10100000 10000000 11100010 10100000 10000000 11100010 10100010 10000000 11100010 10100001 10110100 11100010 10100000 10000011 11100010 10100010 10000000 11100010 10100001 10000100 11100010 10100000 10011001 11100010 10100011 10000110 11100010 10100000 10000000 00001101 00001010 11100010 10100000 10000000 11100010 10100000 10000000 11100010 10100000 10000000 11100010 10100000 10000000 11100010 10100000 10000000 11100010 10100000 10000000 11100010 10100000 10000000 11100010 10100000 10000000 11100010 10100000 10000000 11100010 10100000 10000000 11100010 10100000 10000000 11100010 10100000 10000000 11100010 10100000 10000000 11100010 10100000 10000000 11100010 10100000 10000000 11100010 10100000 10000000 11100010 10100000 10000000 11100010 10100000 10000000 11100010 10100000 10000000 11100010 10100010 10100000 11100010 10100001 10111110 11100010 10100010 10110111 11100010 10100001 10000100 11100010 10100000 10000000 11100010 10100000 10000000 11100010 10100000 10000000 11100010 10100000 10000000 11100010 10100000 10001001 11100010 10100000 10011001 11100010 10100000 10101111 11100010 10100000 10000000 11100010 10100000 10000000 11100010 10100001 10110100 11100010 10100000 10001011 11100010 10100000 10000000 11100010 10100010 10100000 11100010 10100000 10011111 11100010 10100000 10000000 11100010 10100000 10000000 11100010 10100010 10111001 11100010 10100001 10000100


      _(,__           __), 
  (_,d888888888b,d88888888_)
   d888888888888/88888888b_)
(_8888888P'""'`Y8Y`'""'"Y88888b
  Y8888P.-'     `      '-.Y8888b_)
 ,_Y88P (_(_(        )_)_) d88Y_,
  Y88b,  (o  )      (o  ) d8888P
  `Y888   '-'        '-'  `88Y`
  ,d/O\         c         /O\b,
    \_/'.,______w______,.'\_/
       .-`             `-.
      /   , d88b  d88b_   \
     /   / 88888bd88888`\  \
    /   / \ Y88888888Y   \  \
    \  \   \ 88888888    /  /
     `\ `.  \d8888888b, /\\/
       `.//.d8888888888b; |
         |/d888888888888b/
         d8888888888888888b
      ,_d88p""q88888p""q888b,
      `""'`\    "`|    /`'""`
            `.    |===/
              >   |   |
              /   |   |
             |    |   |
             |    Y  /
             \   /  /
              | /| /
             / / / |
            /=/  |=/
           `"`   `"`
